		time				value

                       0                   1.3182567e-06
           3.9547716e-13                   1.4169676e-06
           7.9095432e-13                   1.5227761e-06
           1.1864315e-12                   1.6361695e-06
           1.5819086e-12                   1.7576673e-06
           1.9773857e-12                   1.8878227e-06
            2.372863e-12                   2.0272248e-06
             2.76834e-12                   2.1765004e-06
           3.1638173e-12                   2.3363168e-06
           3.5592944e-12                   2.5073841e-06
           3.9547714e-12                   2.6904577e-06
           4.3502485e-12                   2.8863408e-06
           4.7457259e-12                   3.0958877e-06
            5.141203e-12                   3.3200065e-06
           5.5366801e-12                   3.5596624e-06
           5.9321571e-12                   3.8158814e-06
           6.3276346e-12                   4.0897526e-06
           6.7231117e-12                   4.3824343e-06
           7.1185887e-12                   4.6951545e-06
           7.5140658e-12                   5.0292188e-06
           7.9095428e-12                   5.3860122e-06
           8.3050199e-12                    5.767004e-06
           8.7004969e-12                   6.1737542e-06
           9.0959748e-12                   6.6079169e-06
           9.4914519e-12                   7.0712463e-06
           9.8869289e-12                   7.5656026e-06
           1.0282406e-11                   8.0929567e-06
           1.0677883e-11                   8.6553982e-06
            1.107336e-11                   9.2551409e-06
           1.1468837e-11                   9.8945302e-06
           1.1864314e-11                   1.0576049e-05
           1.2259791e-11                   1.1302328e-05
           1.2655269e-11                    1.207615e-05
           1.3050746e-11                   1.2900461e-05
           1.3446223e-11                   1.3778378e-05
           1.3841701e-11                   1.4713202e-05
           1.4237177e-11                   1.5708414e-05
           1.4632654e-11                   1.6767704e-05
           1.5028132e-11                   1.7894978e-05
            1.542361e-11                    1.909435e-05
           1.5819086e-11                   2.0370167e-05
           1.6214563e-11                   2.1727035e-05
            1.661004e-11                   2.3169818e-05
           1.7005519e-11                   2.4703639e-05
           1.7400994e-11                   2.6333904e-05
           1.7796471e-11                   2.8066337e-05
            1.819195e-11                   2.9906974e-05
           1.8587427e-11                   3.1862171e-05
           1.8982904e-11                   3.3938628e-05
           1.9378379e-11                   3.6143432e-05
           1.9773858e-11                   3.8484046e-05
           2.0169335e-11                   4.0968323e-05
           2.0564812e-11                   4.3604541e-05
           2.0960289e-11                   4.6401437e-05
           2.1355766e-11                   4.9368209e-05
           2.1751245e-11                   5.2514526e-05
            2.214672e-11                   5.5850567e-05
           2.2542197e-11                   5.9387065e-05
           2.2937674e-11                   6.3135325e-05
           2.3333153e-11                   6.7107198e-05
           2.3728628e-11                   7.1315153e-05
           2.4124105e-11                   7.5772339e-05
           2.4519583e-11                    8.049258e-05
           2.4915061e-11                   8.5490356e-05
           2.5310538e-11                   9.0780894e-05
           2.5706014e-11                    9.638023e-05
           2.6101492e-11                    0.0001023052
            2.649697e-11                   0.00010857343
           2.6892447e-11                   0.00011520345
           2.7287922e-11                   0.00012221474
           2.7683402e-11                   0.00012962776
           2.8078878e-11                   0.00013746382
           2.8474355e-11                   0.00014574543
           2.8869832e-11                   0.00015449614
           2.9265309e-11                   0.00016374062
           2.9660788e-11                   0.00017350486
           3.0056263e-11                   0.00018381578
           3.0451738e-11                   0.00019470185
           3.0847221e-11                    0.0002061929
           3.1242696e-11                   0.00021831988
           3.1638171e-11                   0.00023111547
            3.203365e-11                   0.00024461377
           3.2429125e-11                   0.00025885046
           3.2824604e-11                   0.00027386297
           3.3220079e-11                    0.0002896901
           3.3615558e-11                   0.00030637273
           3.4011037e-11                   0.00032395372
           3.4406512e-11                   0.00034247726
           3.4801988e-11                    0.0003619901
           3.5197466e-11                   0.00038254081
           3.5592942e-11                   0.00040418017
           3.5988421e-11                   0.00042696137
           3.6383899e-11                   0.00045093932
           3.6779375e-11                   0.00047617193
           3.7174853e-11                    0.0005027196
           3.7570329e-11                   0.00053064467
           3.7965808e-11                   0.00056001276
           3.8361283e-11                   0.00059089216
           3.8756758e-11                   0.00062335387
            3.915224e-11                   0.00065747224
           3.9547716e-11                   0.00069332391
           3.9943191e-11                   0.00073098933
            4.033867e-11                   0.00077055255
           4.0734149e-11                    0.0008120999
           4.1129624e-11                   0.00085572217
           4.1525099e-11                   0.00090151356
           4.1920578e-11                   0.00094957202
           4.2316057e-11                    0.0009999997
           4.2711532e-11                    0.0010529016
           4.3107008e-11                    0.0011083882
            4.350249e-11                    0.0011665741
           4.3897965e-11                    0.0012275769
            4.429344e-11                    0.0012915203
           4.4688916e-11                    0.0013585321
           4.5084395e-11                    0.0014287451
           4.5479873e-11                    0.0015022974
           4.5875349e-11                    0.0015793307
           4.6270827e-11                    0.0016599933
           4.6666306e-11                    0.0017444396
           4.7061782e-11                    0.0018328272
           4.7457257e-11                    0.0019253215
           4.7852736e-11                    0.0020220932
           4.8248211e-11                    0.0021233188
            4.864369e-11                     0.002229182
           4.9039165e-11                    0.0023398709
           4.9434644e-11                    0.0024555817
           4.9830123e-11                    0.0025765179
           5.0225598e-11                    0.0027028874
           5.0621077e-11                    0.0028349075
           5.1016552e-11                    0.0029728019
           5.1412027e-11                    0.0031168021
           5.1807506e-11                    0.0032671478
           5.2202985e-11                    0.0034240831
            5.259846e-11                    0.0035878641
           5.2993939e-11                    0.0037587548
           5.3389418e-11                    0.0039370232
           5.3784893e-11                    0.0041229506
           5.4180369e-11                    0.0043168245
           5.4575844e-11                    0.0045189429
           5.4971323e-11                    0.0047296113
           5.5366805e-11                    0.0049491487
            5.576228e-11                    0.0051778727
           5.6157756e-11                    0.0054161218
           5.6553234e-11                    0.0056642396
            5.694871e-11                    0.0059225801
           5.7344185e-11                    0.0061915079
           5.7739664e-11                    0.0064713974
           5.8135139e-11                    0.0067626336
           5.8530618e-11                    0.0070656119
             5.89261e-11                    0.0073807449
           5.9321575e-11                    0.0077084387
           5.9717051e-11                    0.0080491276
           6.0112526e-11                    0.0084032509
           6.0508001e-11                    0.0087712612
           6.0903477e-11                    0.0091536203
           6.1298959e-11                    0.0095508024
           6.1694441e-11                    0.0099633019
           6.2089917e-11                     0.010391604
           6.2485392e-11                     0.010836225
           6.2880867e-11                     0.011297689
           6.3276342e-11                      0.01177653
           6.3671818e-11                     0.012273297
             6.40673e-11                     0.012788549
           6.4462775e-11                      0.01332286
           6.4858251e-11                     0.013876815
           6.5253733e-11                     0.014451022
           6.5649208e-11                     0.015046075
           6.6044684e-11                     0.015662605
           6.6440159e-11                     0.016301252
           6.6835641e-11                     0.016962662
           6.7231117e-11                     0.017647503
           6.7626592e-11                     0.018356448
           6.8022074e-11                       0.0190902
           6.8417549e-11                     0.019849436
           6.8813025e-11                     0.020634882
             6.92085e-11                     0.021447269
           6.9603975e-11                     0.022287335
           6.9999458e-11                     0.023155835
           7.0394933e-11                     0.024053533
           7.0790408e-11                      0.02498121
           7.1185884e-11                     0.025939655
           7.1581366e-11                      0.02692969
           7.1976841e-11                     0.027952097
           7.2372316e-11                      0.02900772
           7.2767799e-11                     0.030097395
           7.3163274e-11                     0.031221978
           7.3558749e-11                     0.032382328
           7.3954225e-11                     0.033579316
           7.4349707e-11                     0.034813847
           7.4745182e-11                     0.036086779
           7.5140658e-11                     0.037399031
            7.553614e-11                      0.03875152
           7.5931615e-11                      0.04014517
            7.632709e-11                     0.041580908
           7.6722566e-11                     0.043059684
           7.7118041e-11                     0.044582438
           7.7513516e-11                     0.046150133
           7.7908999e-11                     0.047763757
           7.8304481e-11                     0.049424231
           7.8699956e-11                      0.05113256
           7.9095432e-11                      0.05288972
           7.9490907e-11                     0.054696705
           7.9886382e-11                     0.056554504
           8.0281858e-11                     0.058464117
            8.067734e-11                     0.060426574
           8.1072815e-11                     0.062442813
           8.1468297e-11                      0.06451387
           8.1863773e-11                      0.06664075
           8.2259248e-11                     0.068824463
           8.2654723e-11                     0.071066007
           8.3050199e-11                     0.073366389
           8.3445674e-11                     0.075726613
           8.3841156e-11                      0.07814768
           8.4236638e-11                     0.080630623
           8.4632114e-11                     0.083176352
           8.5027589e-11                     0.085785888
           8.5423064e-11                     0.088460214
            8.581854e-11                       0.0912003
           8.6214015e-11                     0.094007112
            8.660949e-11                     0.096881598
            8.700498e-11                     0.099824756
           8.7400455e-11                      0.10283741
            8.779593e-11                      0.10592055
           8.8191406e-11                      0.10907504
           8.8586881e-11                       0.1123018
           8.8982356e-11                       0.1156017
           8.9377832e-11                      0.11897559
           8.9773314e-11                      0.12242431
           9.0168789e-11                      0.12594868
           9.0564271e-11                      0.12954955
           9.0959747e-11                      0.13322759
           9.1355222e-11                      0.13698359
           9.1750697e-11                       0.1408183
           9.2146173e-11                       0.1447324
           9.2541655e-11                      0.14872658
            9.293713e-11                       0.1528015
           9.3332612e-11                      0.15695782
           9.3728088e-11                      0.16119599
           9.4123563e-11                      0.16551664
           9.4519038e-11                       0.1699203
           9.4914514e-11                      0.17440744
           9.5309996e-11                      0.17897852
           9.5705471e-11                      0.18363394
           9.6100947e-11                      0.18837407
           9.6496422e-11                      0.19319928
           9.6891904e-11                      0.19810989
            9.728738e-11                      0.20310602
           9.7682855e-11                      0.20818795
            9.807833e-11                      0.21335584
           9.8473812e-11                      0.21860981
           9.8869288e-11                      0.22394991
           9.9264763e-11                      0.22937615
           9.9660245e-11                      0.23488863
           1.0005572e-10                      0.24048704
            1.004512e-10                      0.24617136
           1.0084667e-10                      0.25194138
           1.0124215e-10                      0.25779688
           1.0163763e-10                      0.26373753
            1.020331e-10                      0.26976302
           1.0242858e-10                      0.27587289
           1.0282405e-10                      0.28206664
           1.0321954e-10                      0.28834391
           1.0361501e-10                      0.29470387
           1.0401049e-10                      0.30114594
           1.0440597e-10                      0.30766946
           1.0480145e-10                      0.31427357
           1.0519692e-10                      0.32095748
            1.055924e-10                      0.32772028
           1.0598788e-10                      0.33456108
           1.0638335e-10                      0.34147862
           1.0677884e-10                      0.34847188
           1.0717431e-10                      0.35553974
           1.0756979e-10                      0.36268091
           1.0796526e-10                      0.36989409
           1.0836074e-10                      0.37717789
           1.0875622e-10                      0.38453099
           1.0915169e-10                      0.39195153
           1.0954717e-10                      0.39943838
           1.0994265e-10                      0.40698943
           1.1033813e-10                      0.41460338
           1.1073361e-10                      0.42227826
           1.1112908e-10                       0.4300119
           1.1152456e-10                      0.43780291
           1.1192003e-10                      0.44564879
           1.1231551e-10                      0.45354792
           1.1271099e-10                      0.46149772
           1.1310647e-10                      0.46949649
           1.1350194e-10                      0.47754139
           1.1389742e-10                      0.48563063
            1.142929e-10                      0.49376157
           1.1468837e-10                      0.50193149
           1.1508385e-10                      0.51013833
           1.1547933e-10                      0.51837897
           1.1587481e-10                      0.52665132
           1.1627028e-10                       0.5349521
           1.1666576e-10                      0.54327911
           1.1706124e-10                      0.55162895
           1.1745671e-10                      0.55999929
            1.178522e-10                      0.56838685
           1.1824766e-10                      0.57678837
           1.1864315e-10                      0.58520138
           1.1903861e-10                      0.59362221
            1.194341e-10                      0.60204828
           1.1982958e-10                      0.61047572
           1.2022505e-10                      0.61890197
           1.2062054e-10                      0.62732333
             1.21016e-10                      0.63573629
           1.2141149e-10                      0.64413792
           1.2180695e-10                      0.65252435
           1.2220244e-10                      0.66089267
           1.2259792e-10                      0.66923875
           1.2299339e-10                      0.67755973
           1.2338888e-10                      0.68585169
           1.2378434e-10                      0.69411081
           1.2417983e-10                      0.70233411
           1.2457529e-10                      0.71051735
           1.2497078e-10                      0.71865737
           1.2536626e-10                      0.72675014
           1.2576173e-10                      0.73479235
           1.2615721e-10                      0.74277991
           1.2655268e-10                      0.75070965
           1.2694817e-10                      0.75857753
           1.2734364e-10                      0.76637959
           1.2773912e-10                       0.7741127
            1.281346e-10                      0.78177267
           1.2853008e-10                      0.78935623
           1.2892555e-10                      0.79685926
           1.2932103e-10                      0.80427855
            1.297165e-10                      0.81160998
           1.3011198e-10                       0.8188504
           1.3050747e-10                      0.82599586
           1.3090294e-10                      0.83304256
           1.3129842e-10                      0.83998746
           1.3169389e-10                      0.84682649
           1.3208937e-10                      0.85355663
           1.3248484e-10                        0.860174
           1.3288032e-10                       0.8666755
           1.3327581e-10                      0.87305754
           1.3367128e-10                      0.87931657
           1.3406676e-10                      0.88544971
           1.3446223e-10                      0.89145333
           1.3485771e-10                      0.89732456
           1.3525318e-10                       0.9030599
           1.3564866e-10                      0.90865666
           1.3604415e-10                      0.91411155
           1.3643961e-10                      0.91942149
            1.368351e-10                      0.92458391
           1.3723057e-10                      0.92959571
           1.3762605e-10                      0.93445432
           1.3802152e-10                      0.93915689
             1.38417e-10                      0.94370103
           1.3881248e-10                        0.948084
           1.3920795e-10                      0.95230353
           1.3960344e-10                      0.95635718
           1.3999892e-10                      0.96024257
           1.4039439e-10                      0.96395767
           1.4078987e-10                      0.96750027
           1.4118534e-10                      0.97086853
           1.4158082e-10                       0.9740603
           1.4197629e-10                      0.97707403
           1.4237177e-10                      0.97990775
           1.4276726e-10                       0.9825601
           1.4316273e-10                       0.9850294
           1.4355821e-10                      0.98731416
           1.4395368e-10                      0.98941332
           1.4434916e-10                      0.99132538
           1.4474463e-10                       0.9930495
           1.4514011e-10                       0.9945845
            1.455356e-10                       0.9959296
           1.4593107e-10                      0.99708402
           1.4632655e-10                      0.99804705
           1.4672202e-10                       0.9988181
            1.471175e-10                       0.9993968
           1.4751297e-10                       0.9997828
           1.4790845e-10                      0.99997586
           1.4830394e-10                      0.99997586
           1.4869941e-10                       0.9997828
           1.4909489e-10                      0.99939686
           1.4949036e-10                      0.99881816
           1.4988584e-10                      0.99804711
           1.5028132e-10                      0.99708408
           1.5067679e-10                      0.99592972
           1.5107228e-10                      0.99458462
           1.5146774e-10                      0.99304962
           1.5186323e-10                       0.9913255
           1.5225871e-10                      0.98941338
           1.5265418e-10                      0.98731434
           1.5304966e-10                      0.98502946
           1.5344513e-10                      0.98256028
           1.5384062e-10                      0.97990793
           1.5423608e-10                      0.97707421
           1.5463157e-10                      0.97406054
           1.5502703e-10                      0.97086871
           1.5542252e-10                      0.96750051
             1.55818e-10                      0.96395779
           1.5621347e-10                      0.96024281
           1.5660896e-10                       0.9563573
           1.5700442e-10                      0.95230377
           1.5739991e-10                      0.94808424
           1.5779537e-10                      0.94370133
           1.5819086e-10                      0.93915719
           1.5858634e-10                       0.9344545
           1.5898181e-10                      0.92959601
           1.5937729e-10                      0.92458409
           1.5977276e-10                      0.91942185
           1.6016825e-10                      0.91411173
           1.6056372e-10                      0.90865695
            1.609592e-10                      0.90306026
           1.6135468e-10                      0.89732474
           1.6175015e-10                      0.89145368
           1.6214563e-10                      0.88544989
           1.6254111e-10                      0.87931699
           1.6293659e-10                      0.87305772
           1.6333206e-10                      0.86667585
           1.6372755e-10                      0.86017442
           1.6412301e-10                      0.85355711
            1.645185e-10                      0.84682697
           1.6491397e-10                       0.8399877
           1.6530945e-10                      0.83304304
           1.6570494e-10                      0.82599604
            1.661004e-10                      0.81885082
           1.6649589e-10                      0.81161046
           1.6689135e-10                      0.80427903
           1.6728684e-10                      0.79685974
           1.6768231e-10                      0.78935671
           1.6807779e-10                      0.78177315
           1.6847328e-10                      0.77411294
           1.6886874e-10                      0.76638007
           1.6926423e-10                      0.75857776
           1.6965969e-10                      0.75071013
           1.7005518e-10                      0.74278045
           1.7045064e-10                      0.73479289
           1.7084613e-10                      0.72675061
           1.7124162e-10                      0.71865761
           1.7163708e-10                      0.71051782
           1.7203257e-10                      0.70233434
           1.7242803e-10                      0.69411135
           1.7282352e-10                      0.68585193
           1.7321898e-10                      0.67756021
           1.7361447e-10                      0.66923928
           1.7400996e-10                       0.6608929
           1.7440542e-10                      0.65252489
           1.7480091e-10                      0.64413822
           1.7519637e-10                      0.63573682
           1.7559186e-10                      0.62732357
           1.7598732e-10                       0.6189025
           1.7638281e-10                      0.61047626
           1.7677829e-10                      0.60204881
           1.7717376e-10                      0.59362274
           1.7756925e-10                      0.58520168
           1.7796471e-10                       0.5767889
            1.783602e-10                      0.56838709
           1.7875566e-10                      0.55999982
           1.7915115e-10                      0.55162948
           1.7954663e-10                      0.54327965
            1.799421e-10                      0.53495264
           1.8033758e-10                      0.52665186
           1.8073305e-10                      0.51837951
           1.8112854e-10                      0.51013857
             1.81524e-10                      0.50193197
           1.8191949e-10                      0.49376184
           1.8231497e-10                      0.48563114
           1.8271044e-10                      0.47754189
           1.8310592e-10                        0.469497
           1.8350139e-10                      0.46149823
           1.8389688e-10                      0.45354819
           1.8429235e-10                      0.44564927
           1.8468783e-10                      0.43780315
           1.8508331e-10                       0.4300124
           1.8547879e-10                      0.42227849
           1.8587426e-10                      0.41460386
           1.8626974e-10                       0.4069899
           1.8666522e-10                      0.39943862
           1.8706069e-10                      0.39195201
           1.8745618e-10                      0.38453123
           1.8785165e-10                      0.37717834
           1.8824713e-10                      0.36989442
            1.886426e-10                      0.36268136
           1.8903808e-10                      0.35554007
           1.8943355e-10                      0.34847233
           1.8982903e-10                      0.34147894
           1.9022452e-10                      0.33456129
           1.9061999e-10                       0.3277207
           1.9101547e-10                      0.32095781
           1.9141094e-10                      0.31427401
           1.9180642e-10                      0.30766976
           1.9220189e-10                      0.30114636
           1.9259737e-10                      0.29470417
           1.9299284e-10                      0.28834432
           1.9338832e-10                      0.28206703
           1.9378381e-10                      0.27587315
           1.9417928e-10                      0.26976338
           1.9457476e-10                      0.26373783
           1.9497023e-10                      0.25779724
           1.9536571e-10                      0.25194165
           1.9576119e-10                      0.24617173
           1.9615666e-10                      0.24048731
           1.9655215e-10                      0.23488879
           1.9694762e-10                      0.22937651
            1.973431e-10                      0.22395015
           1.9773858e-10                      0.21861014
           1.9813405e-10                      0.21335609
           1.9852953e-10                      0.20818828
             1.98925e-10                      0.20310625
           1.9932049e-10                      0.19811004
           1.9971597e-10                      0.19319957
           2.0011144e-10                       0.1883743
           2.0050692e-10                      0.18363424
           2.0090239e-10                      0.17897873
           2.0129787e-10                      0.17440772
           2.0169334e-10                       0.1699205
           2.0208882e-10                      0.16551693
           2.0248431e-10                      0.16119619
           2.0287978e-10                      0.15695794
           2.0327526e-10                      0.15280175
           2.0367073e-10                      0.14872678
           2.0406621e-10                      0.14473265
           2.0446168e-10                      0.14081848
           2.0485716e-10                      0.13698383
           2.0525265e-10                      0.13322775
           2.0564811e-10                      0.12954977
            2.060436e-10                      0.12594891
           2.0643907e-10                      0.12242448
           2.0683455e-10                       0.1189758
           2.0723002e-10                      0.11560186
            2.076255e-10                      0.11230201
           2.0802099e-10                      0.10907519
           2.0841645e-10                      0.10592074
           2.0881194e-10                      0.10283756
           2.0920742e-10                     0.099824846
           2.0960289e-10                     0.096881784
           2.0999837e-10                     0.094007246
           2.1039384e-10                     0.091200478
           2.1078933e-10                     0.088460341
           2.1118479e-10                     0.085786052
           2.1158028e-10                     0.083176471
           2.1197576e-10                     0.080630697
           2.1237123e-10                     0.078147836
           2.1276671e-10                     0.075726725
           2.1316218e-10                     0.073366538
           2.1355767e-10                     0.071066111
           2.1395313e-10                     0.068824604
           2.1434862e-10                     0.066640854
           2.1474408e-10                     0.064514004
           2.1513957e-10                      0.06244291
           2.1553505e-10                     0.060426634
           2.1593052e-10                      0.05846424
             2.16326e-10                     0.056554593
           2.1672147e-10                     0.054696821
           2.1711695e-10                     0.052889861
           2.1751244e-10                     0.051132612
           2.1790791e-10                     0.049424313
           2.1830338e-10                     0.047763862
           2.1869888e-10                     0.046150181
           2.1909434e-10                     0.044582512
           2.1948982e-10                     0.043059777
           2.1988529e-10                     0.041581027
           2.2028078e-10                     0.040145215
           2.2067626e-10                     0.038751587
           2.2107172e-10                     0.037399117
           2.2146722e-10                     0.036086798
           2.2186268e-10                     0.034813888
           2.2225816e-10                     0.033579394
           2.2265363e-10                     0.032382421
           2.2304912e-10                     0.031222012
            2.234446e-10                     0.030097447
           2.2384006e-10                     0.029007787
           2.2423553e-10                     0.027952179
           2.2463102e-10                     0.026929721
            2.250265e-10                     0.025939716
           2.2542197e-10                     0.024981285
           2.2581746e-10                     0.024053561
           2.2621294e-10                     0.023155876
            2.266084e-10                     0.022287389
           2.2700387e-10                     0.021447334
           2.2739936e-10                     0.020634908
           2.2779484e-10                     0.019849472
           2.2819031e-10                     0.019090248
            2.285858e-10                      0.01835647
           2.2898128e-10                     0.017647536
           2.2937674e-10                     0.016962705
           2.2977222e-10                     0.016301304
            2.301677e-10                     0.015662625
           2.3056318e-10                     0.015046103
           2.3095865e-10                      0.01445106
           2.3135414e-10                     0.013876832
           2.3174962e-10                     0.013322886
           2.3214508e-10                     0.012788583
           2.3254056e-10                     0.012273337
           2.3293606e-10                     0.011776545
           2.3333152e-10                     0.011297711
           2.3372698e-10                     0.010836254
           2.3412247e-10                     0.010391639
           2.3451796e-10                     0.009963315
           2.3491342e-10                    0.0095508285
           2.3530888e-10                    0.0091536511
            2.357044e-10                    0.0087712724
           2.3609986e-10                    0.0084032686
           2.3649532e-10                      0.00804915
           2.3689081e-10                    0.0077084652
            2.372863e-10                    0.0073807547
           2.3768176e-10                    0.0070656314
           2.3807722e-10                    0.0067626573
           2.3847274e-10                    0.0064714062
            2.388682e-10                    0.0061915205
           2.3926366e-10                    0.0059225969
           2.3965915e-10                    0.0056642597
           2.4005464e-10                    0.0054161293
            2.404501e-10                    0.0051778839
           2.4084557e-10                    0.0049491627
           2.4124108e-10                    0.0047296179
           2.4163654e-10                    0.0045189527
           2.4203201e-10                    0.0043168371
           2.4242749e-10                    0.0041229655
           2.4282298e-10                    0.0039370288
           2.4321845e-10                     0.003758763
           2.4361391e-10                    0.0035878762
           2.4400942e-10                    0.0034240868
           2.4440489e-10                    0.0032671536
           2.4480035e-10                    0.0031168114
           2.4519584e-10                    0.0029728133
           2.4559133e-10                    0.0028349117
           2.4598679e-10                    0.0027028935
           2.4638225e-10                    0.0025765258
           2.4677776e-10                    0.0024555842
           2.4717323e-10                    0.0023398753
           2.4756869e-10                    0.0022291881
           2.4796418e-10                     0.002123327
           2.4835967e-10                    0.0020220962
           2.4875513e-10                     0.001925326
           2.4915059e-10                    0.0018328329
           2.4954608e-10                    0.0017444465
           2.4994157e-10                    0.0016599965
           2.5033703e-10                     0.001579335
           2.5073252e-10                    0.0015023028
           2.5112801e-10                    0.0014287473
           2.5152347e-10                    0.0013585354
           2.5191893e-10                    0.0012915244
           2.5231442e-10                    0.0012275819
           2.5270991e-10                    0.0011665758
           2.5310537e-10                    0.0011083913
           2.5350086e-10                    0.0010529056
           2.5389635e-10                    0.0010000009
           2.5429181e-10                   0.00094957434
           2.5468727e-10                   0.00090151653
           2.5508276e-10                   0.00085572572
           2.5547825e-10                   0.00081210118
           2.5587371e-10                   0.00077055447
            2.562692e-10                   0.00073099212
           2.5666469e-10                   0.00069332472
           2.5706015e-10                   0.00065747363
           2.5745561e-10                   0.00062335597
            2.578511e-10                   0.00059089466
           2.5824659e-10                   0.00056001369
           2.5864205e-10                   0.00053064601
           2.5903754e-10                   0.00050272135
             2.59433e-10                    0.0004761742
           2.5982849e-10                   0.00045094028
           2.6022395e-10                   0.00042696265
           2.6061944e-10                   0.00040418192
           2.6101493e-10                   0.00038254145
           2.6141039e-10                   0.00036199103
           2.6180588e-10                   0.00034247848
           2.6220134e-10                   0.00032395514
           2.6259683e-10                    0.0003063734
           2.6299229e-10                     0.000289691
           2.6338778e-10                   0.00027386408
           2.6378327e-10                   0.00025885089
           2.6417873e-10                   0.00024461441
           2.6457422e-10                    0.0002311163
           2.6496969e-10                   0.00021832087
           2.6536517e-10                   0.00020619326
           2.6576064e-10                   0.00019470246
           2.6615612e-10                   0.00018381653
           2.6655161e-10                   0.00017350509
           2.6694708e-10                   0.00016374108
           2.6734256e-10                   0.00015449671
           2.6773803e-10                    0.0001457461
           2.6813352e-10                   0.00013746407
           2.6852898e-10                   0.00012962813
           2.6892447e-10                   0.00012221525
           2.6931996e-10                   0.00011520361
           2.6971542e-10                   0.00010857368
           2.7011088e-10                   0.00010230555
           2.7050637e-10                   9.6380689e-05
           2.7090186e-10                   9.0781061e-05
           2.7129732e-10                   8.5490596e-05
           2.7169281e-10                   8.0492908e-05
            2.720883e-10                   7.5772441e-05
           2.7248376e-10                    7.131532e-05
           2.7287922e-10                   6.7107423e-05
           2.7327471e-10                   6.3135616e-05
            2.736702e-10                   5.9387177e-05
           2.7406566e-10                   5.5850727e-05
           2.7446115e-10                    5.251473e-05
           2.7485661e-10                   4.9368464e-05
            2.752521e-10                   4.6401547e-05
           2.7564756e-10                   4.3604694e-05
           2.7604305e-10                   4.0968509e-05
           2.7643854e-10                   3.8484108e-05
             2.76834e-10                   3.6143538e-05
           2.7722949e-10                   3.3938762e-05
           2.7762495e-10                   3.1862332e-05
           2.7802044e-10                    2.990704e-05
            2.784159e-10                   2.8066435e-05
           2.7881139e-10                   2.6334024e-05
           2.7920688e-10                   2.4703673e-05
           2.7960234e-10                   2.3169881e-05
           2.7999783e-10                   2.1727124e-05
           2.8039329e-10                   2.0370271e-05
           2.8078878e-10                   1.9094387e-05
           2.8118424e-10                   1.7895038e-05
           2.8157973e-10                   1.6767783e-05
           2.8197522e-10                   1.5708438e-05
           2.8237068e-10                    1.471324e-05
           2.8276617e-10                   1.3778432e-05
           2.8316163e-10                   1.2900527e-05
           2.8355712e-10                   1.2076174e-05
           2.8395258e-10                   1.1302364e-05
           2.8434807e-10                   1.0576096e-05
           2.8474353e-10                   9.8945866e-06
           2.8513902e-10                   9.2551645e-06
           2.8553451e-10                    8.655431e-06
           2.8592997e-10                   8.0929976e-06
           2.8632546e-10                   7.5656171e-06
           2.8672092e-10                    7.071269e-06
           2.8711641e-10                   6.6079465e-06
           2.8751188e-10                   6.1737896e-06
           2.8790736e-10                   5.7670186e-06
           2.8830285e-10                   5.3860322e-06
           2.8869832e-10                   5.0292442e-06
            2.890938e-10                   4.6951632e-06
           2.8948927e-10                   4.3824475e-06
           2.8988476e-10                   4.0897708e-06
           2.9028022e-10                   3.8159028e-06
           2.9067571e-10                   3.5596711e-06
           2.9107119e-10                   3.3200188e-06
           2.9146666e-10                   3.0959031e-06
           2.9186215e-10                   2.8863458e-06
           2.9225761e-10                   2.6904659e-06
            2.926531e-10                    2.507395e-06
           2.9304856e-10                     2.33633e-06
           2.9344405e-10                   2.1765054e-06
           2.9383954e-10                   2.0272321e-06
             2.94235e-10                    1.887832e-06
           2.9463049e-10                   1.7576701e-06
           2.9502595e-10                   1.6361743e-06
           2.9542144e-10                   1.5227826e-06
            2.958169e-10                   1.4169756e-06
           2.9621239e-10                   1.3182596e-06

